((("sleep" .
   [0 0 0 0 1])
  ("time" .
   [0 0 0 1])
  ("bin_num_len" .
   [2 0 0 0 0 0 0 0 0 0 0])
  ("bin_num" .
   [8 0 0 0 0 1 1])
  ("c" .
   [2])
  ("o" .
   [6])
  ("__eq__" .
   [1 0 0 1 0 1])
  ("l_shift" .
   [0 0 0 2 2 1 0])
  ("IndexError" .
   [0 0 0 0 1 0 0 0 0 0])
  ("_w" .
   [17 0])
  ("__repr__" .
   [1 0 0 0 0 0 0 0])
  ("mailbox" .
   [0 0 0 1 1 0 0])
  ("format" .
   [0 1 0 0 0 0])
  ("def" .
   [0 0 1])
  ("ran" .
   [5 0 0])
  ("result" .
   [1 0 0 0 2 0])
  ("mult_matrix" .
   [0 0 0 0 0 0 0 0 0 0 1])
  ("k" .
   [4])
  ("suma" .
   [3 0 0 0])
  ("col" .
   [1 0 0])
  ("fila2" .
   [2 0 0 0 0])
  ("fila" .
   [2 0 0 0])
  ("m2" .
   [10 0])
  ("m1" .
   [7 0])
  ("curva" .
   [1 0 0 0 0])
  ("poly1d" .
   [0 0 0 1 0 0])
  ("polyfit" .
   [0 0 0 1 0 0 0])
  ("np" .
   [2 0])
  ("readlines" .
   [0 0 0 0 1 0 0 0 0])
  ("read" .
   [1 0 0 0])
  ("dades" .
   [3 0 0 0 0])
  ("n_t_mitjanes" .
   [0 0 0 1 0 0 0 0 0 0 0 0])
  ("llista_per_ordenar" .
   [1 0 0 0 0 0 0 0 0 0 1 0 0 0 0 0 0 0])
  ("increment" .
   [2 0 0 0 0 0 0 1 0])
  ("n" .
   [4])
  ("write" .
   [2 0 0 0 0])
  ("f" .
   [5])
  ("en" .
   [1 0])
  ("nom_fitxer" .
   [0 0 0 0 0 0 0 0 0 1])
  ("t" .
   [3])
  ("except" .
   [0 0 0 0 0 1])
  ("tempfile" .
   [0 0 0 1 1 0 0 0])
  ("llista_random" .
   [0 0 0 0 0 0 0 1 1 1 2 0 1])
  ("append" .
   [6 0 0 0 1 1])
  ("temps_ordenacions" .
   [1 0 0 0 0 4 0 0 0 0 0 0 0 0 0 0 4])
  ("iteracions" .
   [1 0 0 0 0 0 0 0 0 0])
  ("testing" .
   [0 0 0 0 0 0 4])
  ("elements" .
   [2 0 0 0 0 0 0 4])
  ("genera_llista" .
   [0 0 0 0 1 0 0 0 0 0 0 0 0])
  ("llista" .
   [2 0 0 0 1 0])
  ("rang" .
   [8 0 0 0])
  ("ordenacions" .
   [1 0 0 0 2 1 0 0 0 1 2])
  ("argv" .
   [1 0 2 1])
  ("sort" .
   [3 0 0 0])
  ("id" .
   [1 3])
  ("bdb" .
   [0 2 0])
  ("range" .
   [0 0 0 2 1])
  ("NameError" .
   [0 0 0 0 1 0 0 0 0])
  ("next" .
   [0 0 2 0])
  ("re" .
   [0 1])
  ("readline" .
   [0 1 0 0 0 0 0 0])
  ("random" .
   [0 0 1 0 0 1])
  ("b" .
   [9])
  ("a" .
   [4])
  ("__init__" .
   [0 0 0 0 0 1 0 0])
  ("object" .
   [0 0 1 0 0 0])
  ("classmethod" .
   [0 0 0 0 1 0 0 0 0 0 0])
  ("xrange" .
   [0 2 0 0 0 0])
  ("hola" .
   [3 0 0 0])
  ("import" .
   [0 0 0 0 1 4])
  ("This" .
   [0 0 0 1])
  (":ensure" .
   [0 0 0 1 0 0 0])
  ("counsel-ag" .
   [0 0 0 0 0 0 0 0 0 1])
  ("VENTANAS" .
   [0 0 0 1 0 0 0 0])
  ("swiper" .
   [0 0 0 0 0 1])
  ("use-package" .
   [0 0 0 1 0 0 0 0 0 0 0])
  ("print" .
   [0 0 0 0 4])
  ("Hola" .
   [2 0 0 2])
  ("return" .
   [0 0 0 1 1 1])
  ("i" .
   [30])
  ("init" .
   [1 0 0 0])
  ("bin" .
   [0 2 0])
  ("default" .
   [0 0 1 0 0 0 0])
  ("l" .
   [16])
  ("num" .
   [7 0 0])
  ("index" .
   [11 0 0 1 1])
  ("num2" .
   [3 0 0 0])
  ("index2" .
   [4 0 0 0 1 0])
  ("minim" .
   [3 0 0 0 0])
  ("z" .
   [2])
  ("i2" .
   [2 0])
  ("n_llistes" .
   [1 0 0 0 0 0 0 0 3])
  ("experiments" .
   [0 0 0 0 0 1 0 0 0 0 0])
  ("de" .
   [2 0])
  ("not" .
   [0 0 1])
  ("nom_f" .
   [1 0 0 0 0])
  ("temps" .
   [1 0 0 0 0])
  ("experiment_1" .
   [1 0 0 0 0 0 0 0 0 0 0 0])
  ("sort_vell" .
   [1 0 0 0 0 0 0 0 0])
  ("descriptius" .
   [0 0 0 2 0 0 0 0 0 0 1])
  ("key" .
   [1 0 0])
  ("mitjana" .
   [9 0 0 0 0 0 0])
  ("v" .
   [8])
  ("variancia" .
   [2 1 0 0 0 2 0 0 0])
  ("mitjanes" .
   [6 0 2 0 1 1 1 1])
  ("variancies" .
   [4 0 0 0 1 1 0 0 0 1])
  ("d" .
   [2])
  ("items" .
   [4 0 0 0 0])
  ("__name__" .
   [0 0 0 1 0 0 0 1])
  ("varianci" .
   [0 0 0 0 0 0 1 0])
  ("x_axis" .
   [2 0 2 0 1 0])
  ("y_axis" .
   [2 0 1 2 0 1])
  ("m" .
   [8])
  ("r" .
   [2])
  ("j" .
   [5])
  ("coef_var" .
   [1 0 0 0 1 3 0 0])
  ("cv" .
   [2 0])
  ("coef_variacions" .
   [1 0 0 0 0 0 0 1 0 1 1 0 0 0 0])
  ("var" .
   [4 0 0])
  ("log" .
   [1 0 0])
  ("fizzbuzz" .
   [0 0 0 0 0 0 0 1])
  ("zfill" .
   [1 0 1 0 0])
  ("len" .
   [0 1 0])
  ("r_shift" .
   [0 0 0 1 0 0 0])
  ("_m" .
   [3 0])
  ("addr" .
   [4 0 0 0])
  ("ed" .
   [1 0])
  ("Exception" .
   [0 0 0 0 1 0 0 0 0])))
